I       006     007     010     012     014     016
---------------------------------------------------
2       43      39      54      46      48      58
4       40      38      45      44      46      55
6       38      36      42      42      42      53
8       36      40      50      40      41      50
10      33      34      37      42      36      48
12      31      31      38      39      37      46
14      29      28      36      41      38      44
16      27      33      45      34      38      41
18      27      30      54      42      36      39
20      24      33      40      39      35      37


1st     006     007     010     012     014     016
---------------------------------------------------
0.10    33      34      37      42      36      48
0.12    30      24      39      32      39      43
0.13    34      29      46      41      40      41
0.14    23      45      30      49      46      37
0.15    32      35      44      46      40      35
0.20    40      39      56      47      36      53


2nd     006     007     010     012     014     016
---------------------------------------------------
0.02    90      75      103     87      92      138
0.03    50      52      54      62      57      74
0.04    39      43      44      52      44      58
0.05    33      34      37      42      36      48
0.06    30      31      36      36      32      42
0.07    27      30      117     37      30      37
0.08    27      38      263     184     33      34

