        006     007     010     012     014     016
---------------------------------------------------
0.04    59      48      60      63      67      74
0.05    40      40      49      49      52      59
0.06    39      34      41      40      44      49
0.07    34      29      42      35      39      42
0.08    29      33      401     722     33      36
0.09    28      42      976     707     39      35
0.10    27      210     222     1281    77      37
0.11    27      >2000   >2000   266     427     31
0.12    28      >2000   >2000   >2000   >2000   31
