Baseline: TierA%: 20, TierC%: 2, TierAT: 50

TierA%  006     007     010     012     014     016
---------------------------------------------------
20      9,32    14,41   32,54   16*,33  14,40   16,48
15      9,36    12*,37  14,39   19,42   19,49   18,51


TierC%  006     007     010     012     014     016
---------------------------------------------------
2       9,32    14,41   32,54   16*,33  14,40   16,48
3       9,28    14,42   32,59   12,35   14,42   16,48


TierAT  006     007      010     012     014     016
---------------------------------------------------
100     9,35    12*,39   15,39   18,42   18,45   15,48
75      9,34    14,35    29,41   16,40   16,41   17,49
50      9,32    14,41    32,54   16*,33  14,40   16,48
25      19*,31  101*,108 55,655  43*,63  38*,53  11,45
15      38*,48  769*,>2K X       x        x      14,41
